1
1344
0
0
0
0
0
1326
0
658
0
0
0
0
0
1152
0
0
0
0
0
0
0
0
0
222
0
1070
0
0
0
768
0
158
0
1370
1136
0
0
0
0
0
0
1696
1787
0
0
0
847
0
1708
0
0
1530
0
1134
0
0
0
0
0
0
1712
103
0
0
0
0
1400
0
0
1149
0
0
0
1513
0
0
0
0
0
0
627
0
999
0
0
201
0
0
0
0
0
467
356
0
0
0
0
0
748
829
146
0
141
0
0
0
0
0
0
164
0
0
0
0
0
0
0
0
0
0
1089
0
0
0
0
0
0
0
0
0
0
0
832
0
0
670
1505
1572
0
1821
0
0
0
1241
1463
1708
1732
0
1199
0
0
0
146
0
0
0
0
1163
0
0
0
289
1995
1354
1809
679
0
0
0
0
936
0
0
1946
0
0
0
0
1979
0
0
0
0
0
0
1639
0
1227
0
0
0
1987
0
0
0
0
0
0
163
1935
338
0
0
1805
523
0
0
0
0
1080
0
8
0
0
0
0
0
1633
0
300
0
0
0
0
0
0
0
0
1894
0
0
0
942
1866
0
0
0
0
117
0
0
200
0
0
0
676
338
0
0
0
0
0
0
0
541
0
0
1957
0
0
863
0
0
669
0
0
1758
0
515
0
1464
1377
0
229
1940
0
55
0
0
1313
0
0
0
993
0
0
0
66
0
0
0
1952
1755
0
0
0
0
0
0
0
0
0
731
0
0
776
0
0
0
0
0
0
0
0
205
0
1168
0
0
0
0
0
1155
0
0
0
0
0
1783
0
0
0
990
0
0
1079
1606
0
0
0
0
0
0
742
0
0
940
497
0
987
0
1307
0
1227
0
0
1222
1536
0
0
1305
0
0
0
1533
0
1050
0
0
636
1574
1250
1973
0
167
0
1297
0
0
1370
0
0
1839
0
0
0
1951
0
0
1640
0
1793
0
0
629
0
1412
0
1210
0
1850
240
0
1720
1525
0
0
35
0
0
1239
0
0
1694
1587
1612
0
0
1812
0
0
312
0
0
0
1275
346
0
117
294
0
0
1997
0
0
0
0
401
1862
0
255
0
0
1655
0
0
0
0
1153
634
1300
279
0
661
1876
590
0
1618
1893
0
0
0
1957
0
895
0
0
0
0
1333
0
850
1418
0
545
0
0
280
0
0
0
0
0
0
0
0
0
0
644
0
0
0
0
0
1980
0
1856
0
0
1716
0
0
0
0
951
0
1717
1462
769
215
0
0
0
118
0
0
613
1501
5
0
0
29
0
208
0
1696
0
1604
90
1148
0
1253
0
0
1209
1907
0
0
1289
0
0
1187
0
0
0
0
0
0
0
948
1149
0
0
1771
1332
1132
0
0
1813
0
0
0
0
0
0
640
0
1532
0
1938
0
593
621
0
0
0
1816
684
0
1118
0
0
0
214
0
0
0
1946
0
0
0
0
0
0
23
0
0
0
0
0
1617
515
0
701
0
0
0
737
0
0
0
0
0
0
1257
378
0
0
0
1231
0
990
0
0
0
1750
717
76
0
1499
803
0
232
0
0
1488
993
1954
0
0
462
0
0
0
0
0
1880
968
855
0
1306
0
0
0
1723
1562
0
699
124
0
1467
0
0
441
0
0
917
0
0
0
303
0
1974
1976
1188
0
0
0
0
0
0
0
230
0
0
0
618
0
0
0
0
1664
82
1594
692
0
0
0
0
0
0
382
0
0
1084
266
0
0
0
0
1247
0
0
0
1625
0
0
0
0
0
0
1738
0
1176
1116
0
1548
413
145
973
0
0
1965
0
1366
0
0
0
0
0
0
0
0
0
1117
0
0
0
0
0
0
0
1245
0
0
0
7
0
0
0
312
0
0
0
0
0
1810
0
0
0
0
0
0
0
0
1992
539
0
0
0
898
540
0
1216
1756
0
0
0
0
738
144
0
0
0
1276
639
0
0
0
1604
0
0
0
0
0
0
0
0
0
0
0
1304
0
0
0
0
0
0
766
0
873
0
0
0
0
0
170
0
1072
397
1304
0
0
0
1962
0
0
0
0
459
0
0
1726
0
690
0
0
0
0
0
1678
257
0
0
0
0
0
0
0
0
1295
0
0
0
0
0
0
0
1926
0
0
0
0
373
0
0
1930
0
0
599
1702
1532
0
530
0
0
0
0
345
0
1954
658
0
0
0
0
0
0
0
0
1759
0
0
0
562
0
651
0
0
790
0
0
850
455
0
1419
0
1769
1302
0
91
941
0
0
0
1713
0
1424
0
848
0
1
0
0
0
720
1969
481
0
1027
0
100
0
0
0
0
0
975
0
0
0
0
0
0
0
0
0
0
347
1724
1061
1983
453
0
1860
0
0
0
0
0
0
1344
0
0
1731
0
203
1314
0
834
0
1301
0
0
0
0
0
0
0
0
0
810
0
487
641
0
0
1
